21131,32135
21251,32847
22140,32701
21585,31821
22198,32405
21132,32565
22071,32415
21802,32499
21720,32571
21427,32450
22135,32268
22094,32470
21311,32737
21936,31831
21008,32596
21743,32566
21428,32319
21381,31910
21750,32938
21305,32256
22045,32367
21083,32508
21840,32933
21748,32789
21663,32468
21240,32124
21692,32730
21544,32331
21850,32383
21351,31867
21067,32327
21274,32499
21494,32934
21782,32975
21070,32559
21679,32861
21923,32722
21553,32548
22008,32966
21127,31913
21227,32928
22036,31978
22007,32916
21377,32155
21834,32922
21147,32017
21387,32170
22154,32899
21927,32222
22002,32566
21697,32692
22041,31867
21135,32104
21640,32745
21339,32662
21123,32543
21852,32048
21261,31810
21647,32911
21158,32582
21293,32397
21373,32399
21706,32340
21223,31912
22082,32251
21905,32433
21906,32067
21133,32305
21128,32821
21375,32361
21464,32694
21507,32627
21976,32224
21236,32742
21164,32153
21762,32762
21349,32861
21739,32668
21431,32360
21161,32906
21363,31910
21429,32080
21290,32657
21238,32445
22103,31814
21698,32630
21514,32990
21861,32367
21499,32755
21600,32438
21755,31887
21819,31814
21693,32836
22066,32954
21233,32398
21103,32494
21188,32372
21836,31967
21979,32142
22007,32018
42858,50848
42988,50936
42967,50895
42722,50192
42606,50206
42875,50890
42725,49976
42880,50196
42980,49839
42676,49960
42721,50983
42635,50170
42791,50954
42912,50448
42929,50740
42923,50732
42759,50540
42961,50183
42738,50951
42702,50400
42936,49995
42685,50238
42600,50915
42702,50610
42729,50939
42944,50290
42730,50304
42790,50772
42944,50747
42709,50559
42851,50393
42697,50894
42841,50312
42890,50962
42898,50291
42888,50885
42821,50530
42989,50631
42761,49934
42871,50425
42684,50038
42765,50479
42749,50500
42875,50344
42605,50593
42604,50173
42936,50369
42644,49975
42676,49817
42798,50587
42840,50743
42700,50981
42653,50776
42811,50811
42837,50713
42826,49907
42760,50826
42865,50291
42823,49838
42885,50235
42884,50129
42836,50158
42849,50611
42974,50439
42929,50965
42600,50030
42646,50286
42924,50181
42787,50792
42798,50652
42697,50655
42908,50389
42965,50581
42735,50162
42744,50498
42870,50460
42983,50135
42690,50988
42835,49956
42982,49872
42913,50174
42909,50678
42878,50743
42869,50110
42822,49838
42703,50018
42907,50119
42675,50115
42840,50145
42747,50800
42654,50461
42921,49891
42865,50041
42979,50426
42961,50475
42684,50869
42818,50275
42686,50441
42838,50194
42913,49887
60814,71250
61220,70077
61503,70422
60672,69762
60680,71588
61273,71306
61963,71473
61903,69625
60708,69763
60749,70978
60946,70229
61349,71093
61751,71312
61862,70668
61202,70275
61762,70756
61620,69896
61020,70524
61020,70513
61914,69703
61282,71669
61465,69936
61878,71432
60821,71021
61541,69624
60862,70045
61066,70985
60645,70987
61369,70626
61213,71180
61912,71608
60966,70750
61441,69725
61198,71256
60806,70424
61927,70518
60909,69978
61378,71069
60872,69991
61951,71279
61529,71608
61634,71595
61710,71565
61796,69998
61716,69796
60914,69670
61097,70869
61377,70140
61347,70981
61257,70860
61826,69892
61795,71525
60995,70296
60943,70516
61053,70487
61333,71542
61140,70120
61682,70598
61885,70151
61071,70654
61867,70319
61165,71470
61785,71304
61814,71446
60967,69808
61545,70469
61092,69754
61159,71164
60810,71027
61832,71215
61121,70638
61125,69940
61044,70193
61723,71143
61689,70750
61494,70063
61656,70719
61647,70510
61266,71420
60754,69904
61303,71620
61242,69795
61438,70492
61317,70965
61709,70782
61177,70005
61627,70499
61306,70434
61355,71527
61007,71632
61861,71460
61757,69748
60657,70418
61048,71140
61093,70101
60696,71348
61340,70692
61724,69933
60986,71694
60740,70757
83656,3916
82696,4072
83351,4153
82829,3648
83274,3078
83589,3047
83579,4096
83559,4045
83764,3857
83696,4193
83283,3230
83360,4151
82616,3398
83131,3062
83243,3445
82806,3633
83722,3003
83674,3130
82964,3106
83172,3482
82722,3407
83487,3982
82974,4169
83537,3687
83717,3657
83485,4182
83048,3368
82600,3957
83330,3561
83766,3319
83196,3152
83632,3773
83092,4177
83208,3574
83227,4166
82869,3053
83640,3674
83751,3691
83397,3983
82835,4027
83616,3723
83708,3556
82725,4040
83403,3600
82999,4060
82667,3333
83018,4029
83085,3870
82889,4014
82848,3975
82936,3926
82841,4053
83493,3962
82695,3321
82721,3141
83044,4140
83112,3537
83553,3996
83599,3288
83665,3702
83706,3709
83126,3046
83163,3065
82749,3565
83468,3742
83791,3821
83172,3531
83460,3100
83018,3718
82990,3040
83702,3811
82688,3456
82956,3540
83423,4006
83577,3652
83298,3775
83378,3519
83056,3598
82617,3016
83179,4049
82767,3490
83083,3355
83391,3904
82622,3855
83186,3601
82633,3521
83683,4043
82705,3543
83027,3513
83658,3569
83682,3856
83043,3903
83756,3494
83753,4047
82610,3891
83641,3505
83184,3102
82703,3561
83698,3425
82844,3910
